
========================================================================================================================
COMPREHENSIVE METRICS TABLE
========================================================================================================================
            Experiment       F1  Precision   Recall   LOC_F1  MISC_F1   ORG_F1   PER_F1  Micro_Avg  Macro_Avg  Weighted_Avg
              baseline 0.773035   0.800759 0.747167 0.852798 0.678414 0.733968 0.769724   0.773035   0.758726      0.772394
   gelu_more_receptors 0.761301   0.817093 0.712642 0.832085 0.680334 0.717606 0.767170   0.761301   0.749299      0.760972
        more_receptors 0.747957   0.807345 0.696707 0.837729 0.688701 0.687013 0.739548   0.747957   0.738248      0.746774
        more_glomeruli 0.745183   0.798583 0.698477 0.828563 0.684015 0.716146 0.711157   0.745183   0.734970      0.743923
       activation_mish 0.738582   0.781577 0.700071 0.837696 0.630835 0.698665 0.723448   0.738582   0.722661      0.738389
 very_strong_diversity 0.738365   0.798312 0.686792 0.832825 0.664702 0.703099 0.702194   0.738365   0.725705      0.736379
olfactory_no_glomeruli 0.735283   0.781275 0.694405 0.811875 0.652880 0.694981 0.732535   0.735283   0.723068      0.735021
       activation_gelu 0.730568   0.787278 0.681480 0.808215 0.676119 0.706658 0.691445   0.730568   0.720609      0.728499
          minimal_gelu 0.729959   0.752680 0.708569 0.806788 0.678118 0.679659 0.722092   0.729959   0.721664      0.729160
      strong_diversity 0.728912   0.785320 0.680064 0.813631 0.665185 0.705612 0.685067   0.728912   0.717374      0.726606
        olfactory_full 0.725574   0.767892 0.687677 0.813752 0.622721 0.689902 0.712042   0.725574   0.709604      0.724467
      activation_swish 0.720847   0.750623 0.693343 0.826181 0.568489 0.688805 0.719835   0.720847   0.700827      0.723305
       fewer_receptors 0.716492   0.781990 0.661119 0.807018 0.670312 0.681442 0.671543   0.716492   0.707579      0.714310
========================================================================================================================
